Layer: Literal Emoticons
27.9794921875 29.9794921875 45.43896484375 55.19873046875 27.9794921875 
Layer: Emoticons
58.01123046875 58.01123046875 58.01123046875 60.9999237060547 58.01123046875 
Layer: PassionOne
28.919921875 26.2197265625 23.2802734375 27.7197265625 20.759765625 20.759765625 27.1796875 27.5390625 10.19921875 13.6806640625 27 19.56005859375 36.42041015625 27.1796875 29.39990234375 24.83984375 30.419921875 26.279296875 23.7001953125 25.2001953125 27.2998046875 28.85986328125 38.4599609375 28.56005859375 27.83984375 25.919921875 24.83984375 24.7197265625 19.3798828125 26.701171875 24.240234375 18.5400390625 25.919921875 24.42041015625 10.7998046875 13.859375 25.0205078125 11.9404296875 38.7607421875 24.4208984375 24.84033203125 24.72021484375 24.72021484375 16.97998046875 20.03955078125 18.298828125 24.4208984375 26.4599609375 34.080078125 25.2607421875 26.7001953125 22.1396484375 25.8603515625 14.33984375 23.52001953125 23.51953125 29.2802734375 21.900390625 25.5 23.640625 25.2001953125 25.31982421875 10.56005859375 11.0400390625 11.10009765625 10.560546875 18.2998046875 18.2998046875 10.5595703125 10.560546875 50.2802734375 26.8798828125 23.7001953125 26.39990234375 32.099609375 44.8203125 16.919921875 19.859375 19.8603515625 33.599609375 23.0400390625 17.39990234375 17.39990234375 14.16015625 14.16015625 17.099609375 17.1005859375 18.419921875 24.1201171875 22.6796875 20.759765625 22.85986328125 19.3798828125 9.419921875 40.97998046875 18.1796875 23.099609375 23.099609375 23.1005859375 11.099609375 11.10009765625 11.10009765625 13.3798828125 13.3798828125 11.34033203125 17.759765625 17.3994140625 17.400390625 51.599609375 13.7998046875 30.11962890625 9.419921875 22.56005859375 20.7001953125 20.7001953125 39 
Layer: Light
30.65869140625 26.1591796875 28.31884765625 27.119140625 22.19921875 21.5390625 28.677734375 26.6396484375 2.759765625 19.619140625 26.9990234375 20.939453125 30.65869140625 26.458984375 32.57861328125 24.8388671875 32.6982421875 25.0185546875 25.978515625 27.8984375 26.69873046875 28.9189453125 42.7783203125 26.81884765625 26.51904296875 26.458984375 21.23828125 23.9990234375 22.2587890625 23.9990234375 23.57861328125 15.29931640625 25.4384765625 21.29931640625 4.7998046875 11.33984375 21.599609375 5.4599609375 38.158203125 21.298828125 25.85888671875 23.9990234375 23.9990234375 13.73974609375 20.279296875 16.37890625 21.119140625 24.5986328125 38.21875 22.7392578125 24.71923828125 21.05908203125 22.9189453125 20.0390625 23.63916015625 23.87890625 25.9189453125 24.298828125 23.0390625 23.5791015625 23.81884765625 22.97900390625 5.099609375 7.01953125 7.01953125 5.099609375 18.8984375 18.8994140625 5.099609375 5.099609375 42.658203125 24.77880859375 21.59912109375 26.9990234375 22.43896484375 43.498046875 20.8193359375 24.6591796875 24.6591796875 31.55859375 15.29931640625 9.53955078125 9.53955078125 9.599609375 9.599609375 13.3798828125 13.3798828125 13.19921875 28.5595703125 24.6591796875 24.65869140625 20.5791015625 22.37939453125 2.16015625 25.0791015625 23.87890625 14.69921875 14.69921875 11.5791015625 6.1796875 6.23974609375 3.0595703125 8.6396484375 8.6396484375 7.91943359375 13.859375 17.5185546875 14.580078125 38.337890625 13.6796875 22.619140625 2.16015625 22.73876953125 18.0595703125 18.0595703125 45.537109375 
Layer: Regular
32.27880859375 27.47900390625 29.21875 28.43896484375 23.279296875 22.7392578125 29.939453125 28.3193359375 5.0400390625 21.658203125 29.0986328125 22.19921875 32.81884765625 28.01904296875 33.65869140625 26.6396484375 34.4990234375 27.298828125 27.177734375 28.859375 28.318359375 30.8388671875 44.39794921875 28.97900390625 28.67919921875 27.119140625 22.8583984375 25.4990234375 23.1591796875 25.55859375 24.71923828125 17.33935546875 26.81884765625 23.3388671875 6.83935546875 13.259765625 24.23828125 8.0390625 40.2578125 23.3388671875 26.9990234375 25.4990234375 25.55908203125 16.0791015625 21.53955078125 18.0595703125 23.21875 26.5791015625 40.19921875 25.0791015625 26.5791015625 22.0791015625 24.5390625 21.59912109375 24.958984375 25.1982421875 27.119140625 25.439453125 24.5390625 24.6591796875 24.89892578125 24.47900390625 7.1396484375 9.0595703125 9.0595703125 7.138671875 20.3388671875 20.33984375 7.1396484375 7.1396484375 44.69775390625 25.9189453125 23.0986328125 28.0791015625 23.9990234375 45.298828125 22.619140625 25.7392578125 25.7392578125 33.71875 18.119140625 10.9794921875 10.9794921875 10.73974609375 10.6796875 14.3388671875 14.279296875 13.7998046875 28.5595703125 25.7392578125 25.73876953125 19.619140625 23.5791015625 3.47998046875 26.69873046875 25.498046875 18.359375 18.359375 15.8388671875 7.7998046875 7.7998046875 5.27978515625 10.5595703125 10.5595703125 9.11962890625 16.19921875 18.2392578125 15.6591796875 38.7587890625 14.9990234375 47.3388671875 
Layer: Semibold
33.77880859375 28.61865234375 30.05908203125 29.57861328125 24.1787109375 23.69921875 31.0185546875 29.7587890625 6.958984375 23.458984375 30.8388671875 23.21875 34.6787109375 29.3388671875 34.61865234375 28.078125 36.05859375 29.158203125 28.19921875 29.578125 29.7587890625 32.57861328125 45.837890625 30.8388671875 30.5986328125 27.779296875 24.2392578125 26.87890625 23.87890625 26.87890625 25.73876953125 19.13916015625 27.958984375 25.138671875 8.52001953125 14.9990234375 26.458984375 10.3798828125 42.1787109375 25.138671875 28.0185546875 26.87890625 26.87890625 18.119140625 22.619140625 19.5595703125 24.8984375 28.2587890625 41.9990234375 27.1796875 28.25927734375 23.0390625 25.9189453125 22.97900390625 26.09912109375 26.33984375 28.138671875 26.458984375 25.859375 25.619140625 25.85888671875 25.79931640625 8.93994140625 10.85986328125 10.85986328125 8.9404296875 21.599609375 21.5986328125 8.939453125 8.939453125 46.55810546875 26.87890625 24.47900390625 28.97900390625 25.49853515625 46.8583984375 24.1787109375 26.6982421875 26.6982421875 35.638671875 20.51904296875 12.23974609375 12.2392578125 11.75927734375 11.759765625 15.2392578125 15.240234375 14.279296875 28.5595703125 26.6982421875 26.69873046875 18.65966796875 24.59912109375 4.61962890625 28.01904296875 26.87890625 21.599609375 21.599609375 19.5595703125 9.1201171875 9.17919921875 7.080078125 12.2392578125 12.2392578125 10.259765625 18.298828125 18.8388671875 16.55859375 39.177734375 16.19921875 27.77880859375 4.61962890625 25.85888671875 23.09912109375 23.09912109375 48.8984375 
